[8, 28, 25, 42, 24, 34, 1, 13, 9, 54, 6, 10, 39, 48, 43, 57, 14, 21, 45, 12, 36, 7, 47, 50, 46, 52, 33, 3, 17, 49, 16, 38, 31, 56, 0, 19, 5, 59, 15, 40, 26, 29, 20, 53, 4, 37, 55, 41, 27, 11, 23, 62, 30, 18, 58, 22, 44, 35, 60, 32, 51, 2, 61]
[57, 23, 39, 28, 33, 32, 40, 22, 58, 16, 49, 42, 14, 37, 62, 41, 36, 18, 54, 9, 26, 27, 35, 10, 1, 20, 2, 38, 25, 13, 15, 51, 47, 0, 50, 34, 8, 17, 48, 29, 46, 44, 52, 24, 21, 12, 30, 11, 45, 19, 59, 61, 43, 4, 6, 31, 7, 56, 5, 55, 3, 53, 60]
[42, 30, 14, 20, 11, 44, 43, 24, 54, 27, 41, 50, 16, 52, 38, 1, 7, 33, 17, 34, 5, 62, 10, 8, 55, 28, 36, 35, 19, 51, 60, 53, 0, 37, 47, 4, 57, 31, 46, 45, 29, 61, 21, 2, 40, 58, 39, 12, 49, 3, 25, 18, 15, 9, 6, 32, 56, 59, 48, 23, 13, 22, 26]
[46, 50, 58, 34, 4, 2, 62, 54, 20, 25, 21, 45, 7, 30, 10, 39, 52, 60, 22, 56, 17, 33, 42, 29, 35, 38, 44, 6, 14, 31, 18, 55, 5, 37, 13, 19, 1, 41, 59, 23, 43, 12, 15, 11, 27, 8, 49, 36, 48, 47, 57, 61, 9, 40, 16, 26, 0, 3, 28, 32, 53, 24, 51]
[24, 3, 21, 7, 18, 57, 30, 55, 40, 20, 9, 49, 29, 47, 28, 62, 60, 1, 53, 12, 35, 39, 17, 56, 48, 44, 32, 13, 26, 22, 11, 42, 52, 4, 16, 5, 6, 19, 34, 58, 41, 43, 8, 23, 37, 14, 27, 59, 46, 61, 31, 50, 54, 25, 45, 36, 33, 10, 51, 38, 15, 0, 2]
[30, 27, 5, 10, 48, 44, 28, 18, 60, 40, 49, 59, 51, 14, 3, 38, 23, 11, 17, 0, 50, 19, 32, 4, 34, 31, 13, 16, 15, 55, 26, 24, 33, 39, 35, 52, 47, 61, 62, 58, 36, 22, 46, 41, 6, 2, 8, 56, 37, 43, 29, 7, 21, 12, 53, 42, 1, 45, 54, 25, 57, 20, 9]
[30, 14, 43, 50, 36, 1, 41, 18, 56, 10, 12, 5, 16, 54, 22, 48, 21, 25, 61, 35, 46, 44, 11, 45, 38, 31, 58, 52, 55, 40, 47, 20, 33, 13, 34, 24, 8, 29, 15, 7, 57, 2, 49, 6, 17, 26, 4, 19, 23, 32, 60, 59, 37, 0, 62, 28, 9, 27, 53, 42, 51, 3, 39]
[53, 44, 9, 27, 47, 29, 28, 48, 50, 0, 56, 42, 12, 45, 49, 7, 61, 59, 32, 39, 38, 8, 62, 57, 5, 43, 10, 25, 23, 41, 58, 6, 14, 30, 46, 13, 3, 60, 35, 33, 15, 54, 37, 22, 40, 55, 11, 24, 36, 34, 17, 4, 51, 31, 52, 18, 26, 19, 2, 16, 1, 20, 21]
[42, 47, 28, 9, 50, 38, 23, 61, 34, 62, 15, 52, 16, 18, 55, 51, 56, 49, 33, 10, 48, 14, 12, 13, 54, 21, 0, 27, 45, 60, 35, 57, 19, 25, 20, 2, 53, 26, 5, 11, 24, 17, 6, 8, 40, 43, 41, 7, 36, 30, 22, 44, 39, 31, 58, 3, 32, 46, 4, 29, 59, 1, 37]
[11, 26, 37, 24, 2, 7, 39, 14, 25, 19, 46, 48, 1, 20, 32, 35, 36, 42, 58, 5, 45, 8, 47, 16, 31, 13, 34, 4, 0, 12, 30, 27, 9, 43, 38, 40, 57, 50, 33, 28, 62, 23, 55, 6, 15, 41, 52, 54, 59, 53, 49, 18, 22, 17, 56, 44, 10, 51, 61, 29, 60, 3, 21]
[28, 18, 39, 10, 50, 11, 8, 40, 51, 42, 29, 41, 12, 32, 37, 54, 43, 2, 27, 57, 55, 35, 46, 49, 62, 5, 7, 53, 6, 22, 31, 47, 38, 58, 61, 23, 3, 36, 1, 14, 21, 15, 52, 26, 45, 24, 4, 59, 0, 13, 20, 48, 30, 33, 19, 17, 44, 9, 16, 34, 25, 56, 60]
[55, 14, 44, 17, 45, 24, 28, 5, 62, 7, 60, 12, 46, 20, 54, 27, 3, 13, 61, 29, 18, 39, 22, 40, 47, 38, 0, 21, 41, 48, 2, 56, 59, 19, 50, 52, 31, 23, 33, 51, 49, 9, 35, 25, 4, 43, 37, 36, 58, 53, 57, 42, 15, 1, 6, 10, 30, 8, 32, 34, 16, 26, 11]
[51, 46, 43, 20, 31, 53, 47, 52, 13, 9, 54, 15, 16, 3, 61, 50, 58, 1, 23, 39, 37, 2, 24, 25, 27, 40, 45, 5, 55, 29, 14, 7, 17, 35, 21, 32, 30, 4, 42, 36, 11, 6, 22, 10, 60, 0, 33, 19, 28, 34, 56, 62, 38, 44, 12, 8, 59, 41, 48, 49, 57, 18, 26]
[30, 26, 62, 2, 52, 50, 33, 27, 24, 44, 34, 41, 49, 4, 12, 47, 7, 29, 17, 19, 54, 35, 25, 9, 37, 8, 11, 57, 53, 31, 16, 18, 6, 46, 10, 0, 13, 28, 48, 56, 36, 23, 61, 55, 60, 45, 15, 42, 14, 20, 22, 43, 58, 40, 5, 38, 3, 32, 59, 1, 21, 51, 39]
[21, 40, 19, 31, 37, 55, 61, 33, 22, 49, 60, 9, 41, 43, 16, 50, 4, 3, 52, 34, 26, 51, 39, 59, 27, 35, 17, 29, 7, 53, 14, 56, 28, 62, 12, 44, 48, 1, 15, 46, 6, 32, 5, 38, 54, 0, 45, 25, 11, 30, 42, 2, 58, 18, 23, 36, 47, 20, 13, 8, 10, 57, 24]
[16, 53, 14, 60, 55, 51, 29, 23, 39, 35, 27, 42, 18, 36, 48, 11, 4, 0, 45, 7, 10, 30, 58, 19, 8, 32, 21, 56, 17, 52, 15, 9, 20, 13, 1, 47, 28, 31, 50, 3, 38, 40, 62, 54, 25, 37, 61, 33, 59, 44, 49, 6, 2, 22, 12, 34, 26, 43, 46, 41, 57, 5, 24]